res = []
def dfs(s, path):
	if not s:
		res.append(path)
		return
	for i in range(1, len(s)+1):
	    dfs(s[i:], path+[s[:i]])
dfs([1,2,3,4,5], [])
print(res)
#[[[1], [2], [3], [4], [5]], [[1], [2], [3], [4, 5]], [[1], [2], [3, 4], [5]], [[1], [2], [3, 4, 5]], [[1], [2, 3], [4], [5]], [[1], [2, 3], [4,
 5]], [[1], [2, 3, 4], [5]], [[1], [2, 3, 4, 5]], [[1, 2], [3], [4], [5]], [[1, 2], [3], [4, 5]], [[1, 2], [3, 4], [5]], [[1, 2], [3, 4, 5]], [
[1, 2, 3], [4], [5]], [[1, 2, 3], [4, 5]], [[1, 2, 3, 4], [5]], [[1, 2, 3, 4, 5]]]